960
49392
3510
201600
1890
21384
22500
48238
103
36864
8000
82
26
700
12096
105600
75264
1817
2310
45000
331776
42000
998506315
536870912
67584
15680
12150
32805
291600
4704
16224
90720
589833267
76032
31104
11085765
364500
112896
244944
54000
14400
20
7200
5000
28000
4312
25920
414720
13824
4620
58320
4943
7920
7455307
5040
48384
6840
50400
12960
221184
7938
127008
71
61440
430080
524288
7040
18
1260
672
699840
144000
233280
782
441
904152917
2200
3240
252000
16380
8400
46
12544
5625
189
987
43200
21870
1134
124416
42336
57
294912
4800
8424
122877509
2707
786432
75600
23328
35503
16200
30030
10560
194241
98415
90
9600
186624
5940
110250
193
11232
5044
3645
2688
3528
324000
307200
91857
3864
153600
5297
5760
71805
276480
281250
6804
4480
42
70235461
476014
15840
13500
72576
160
52
161280
25002
957262828
61740
16800
23760
4896
9409159
29160
47040
51
3264
23115571
1008
6075
4675
3584
432000
301056
524880
12000
174960
5200
84480
17280
84579
9450
17
16320
89
567
1000000
641
79548
388800
473
1048576
8448
64
54
72900
589824
2400
1001604
17920
288000
45
11340
68
5304
336000
243000
125440
696
77760
74880
9240
57624
2100
68040
66528
30
373248
5601
29952
519
12870
133650
420
47
6399199
37800
100696425
4
300
42105
8976
60
486000
4320
12800
129
79200
98
211680
34300
2600
207360
6000
63360
16
15552
80
192000
4914
123480
20592
28
35100
1249
2070
16128
202500
226151256
633
125
63180
81000
922505446
69120
127
96
270000
85050
396
70200
3509575
4680
22680
559
1500
168960
150528
5280
69888
6552
119
105840
1600
13
2736
76800
31680
29
86400
48600
70000
226800
92400
362
6765
18240
42768
67500
576
93
194400
38
13860
24750
43680
49920
70560
2520
2025
8772
4608
98304
63000
24
468
8320
13680
18720
31200
314928
2156
49500
5120
279936
198450
126720
5808
1323
10752
97200
646
393660
170
48
109
209952
20480
3900
73
84000
53760
9000
92317161
8347
787320
4158
99000
998244353
27720
28512
31500
4488
224
6750
10000
111
16524
29250
11264
442368
10500
2906162
18432
102
155520
746803744
11664
100800
6400
1100
81920
27000
83160
114688
33
792
34560
135
86
87
7296
47628
7560
35640
42120
59400
1
123
8826131
55
989447237
69
14336
31752
6
501
2352
63504
5616
66
725573
3564
60480
82268566
4000
19008
129600
5767201
1584
142884
77
72
2250
5657
1520
74
2
31
1920
2592
102060
282791
113
35280
2640
196608
8064
64922375
3168
22
259200
76
64152
805306368
22848
23232
967669583
2160
24576
99840
52488
126
393216
4200
12672
115
15750
39600
50688
2720
46080
5
1632
395
322560
27456
999999998
621008
240000
128
81
44
768
95256
482421315
1960
10710
999999937
74088
230400
1728
24480
1620
43740
13440
20160
75
655360
52920
131980
368640
33108
128000
1512
3696
5824
24192
51840
38400
27
15120
118800
474
97
121500
21600
10260
491520
268800
95040
360000
40950
19200
2940
101
4536
323
9180
6037
86016
3072
408240
94770
3371
5376
5250
4050
1824
26460
79
39936
1800
134400
120
1386
85536
12288
64680
1764
214573
67200
27216
112000
697106497
18816
14
135000
22464
5600
15288
32000
85712697
124
36
14700
236250
48000
1000000000
504
33696
53940
19656
36283838
7897861
32076
300000
58800
73728
192
5520
49
49280
49152
257
7389
117
17424
1836
4410
14040
115200
13056
72000
172032
409342369
23100
7025
170100
26880
33792
256000
9100
302400
810
116640
81648
92160
625433749
216
56448
80949857
2431
40320
42755209
665
1615
10800
16464
281
3000
1848
954158175
180
816
67
630
1701
34944
106
108864
64512
93312
432255
95
964532929
552960
24300
4733
32768
53
78750
3
3600
8
80640
110592
7776
3312
2376
1001
54880
30973
99
32670
25
8100
65536
62
900
92
7500
22176
21168
673921
8660
19440
217728
9900
7290
2340
145152
587234
4539685
55296
2730
60000
88704
4788
241920
147456
31590
47520
94
182250
10080
35
4560
89100
21000
29484
46464
50000
129024
2304
5016
15876
108000
62208
346742385
10
25490988
21840
12348
150000
981028563
118272
3375
89600
118263990
518400
56
20000
40
67893369
7128
94080
5073
17550
361
13122
138240
162000
24696
17136
54432
25200
44800
83
105
13230
27184698
460800
1215
5400
5346
640
21952
9800
184320
1671
40824
1056
9216
2097152
8208
204120
10368
362880
23040
969
8372259
8960
3888
200000
11016
622080
58054077
994617
6930
311040
2000
107520
43
912
21383
32640
8250
6300
1440
34848
37440
151200
61966
22950
653477439
7680
85881
1530
29400
688978813
142560
391
245760
21504
340200
7
2016
3780
2618049
2403381
4655
8015864
21
18000
28672
115248
41580
32
116
29120
983900459
41472
4374
8087519
448
546750
122880
49896
50
112
132300
3024
8748
9489
193536
216000
480000
306180
48510
9
121
8316
44550
2268
84240
103680
1680
12768
4752
84
6480
322081025
131220
916855204
169344
16000
926315427
14112
64800
20736
78
40960
15400
34111
101250
38880
472392
25600
934
78000
28080
71280
2430
180000
3157819
7785
864
29700
4725
349920
179200
900360029
44928
65
6720
8624
108
8640
41600
23400
5721
466560
176400
813
11
163840
70400
9408
96768
87480
94500
949106497
30240
47473
517759
961175759
59
2880
163296
38497
168000
7392
5184
12240
28800
38016
59136
546
33750
235200
20328
107
57344
8550
34020
132000
139968
65610
17640
66150
30720
10240
375000
104976
986129769
165888
56700
122
459270
14688
4032
54600
51030
457481
660
17820
9504
82944
63
96000
32256
37
91
120000
262440
85
96228
19800
3360
9425
118
50544
3120
9827
104
583200
105000
56160
7056
1904
57024
999999999
131
18480
33600
32400
70
157464
14560
225792
345600
1741
47958485
15
164640
938017885
11000
3960
69984
110
58
136080
215040
141120
52800
145800
45360
248832
23814
2560
510205
57600
4160
23
3456
49000
405000
614400
540
288
33401221
181440
34
1944
7390
6541551
88
24000
