Case #1: 6 14 7 7 6 4 3 
Case #2: 6 26 5 3 3 1 3 
Case #3: 7 8 7 6 6 5 5 4 
Case #4: 4 27 7 5 2 
Case #5: 5 12 11 9 6 3 
Case #6: 5 15 10 6 5 5 
Case #7: -1
Case #8: -1
Case #9: 5 9 8 8 8 8 
Case #10: 4 16 10 10 5 
Case #11: -1
Case #12: 16 1 1 1 1 1 1 1 1 1 1 1 1 1 1 1 26 
Case #13: 3 25 14 2 
Case #14: 5 21 6 6 4 4 
Case #15: 7 11 10 5 4 4 4 3 
Case #16: 6 8 8 8 7 7 3 
Case #17: -1
Case #18: 4 15 14 1 11 
Case #19: 6 15 8 5 5 5 3 
Case #20: 8 9 6 6 4 4 4 4 4 
Case #21: 6 16 7 5 5 5 3 
Case #22: -1
Case #23: -1
Case #24: 6 11 8 8 6 4 4 
Case #25: 5 14 14 5 4 4 
Case #26: 6 18 9 5 5 1 3 
Case #27: 5 9 9 9 9 5 
Case #28: 8 9 6 6 5 5 4 3 3 
Case #29: 5 21 8 7 1 4 
Case #30: 5 13 13 8 4 3 
Case #31: 6 10 7 6 6 6 6 
Case #32: -1
Case #33: 6 11 8 6 6 6 4 
Case #34: 5 12 9 8 6 6 
Case #35: -1
Case #36: 9 10 6 5 5 3 3 3 3 3 
Case #37: 7 12 7 7 4 4 4 3 
Case #38: 8 9 7 6 6 4 3 3 3 
Case #39: 6 15 6 6 5 5 4 
Case #40: 5 20 6 6 5 4 
Case #41: 22 1 1 1 1 1 1 1 1 1 1 1 1 1 1 1 1 1 1 1 1 1 20 
Case #42: 4 18 10 8 5 
Case #43: 5 25 5 5 4 2 
Case #44: 5 10 10 10 7 4 
Case #45: 4 14 14 11 2 
Case #46: 5 15 8 6 6 6 
Case #47: 8 6 6 6 6 5 4 4 4 
Case #48: 5 18 8 8 4 3 
Case #49: 4 21 11 5 4 
Case #50: 6 12 9 6 6 5 3 
Case #51: -1
Case #52: 4 16 11 9 5 
Case #53: -1
Case #54: 4 21 10 6 4 
Case #55: 6 14 9 6 4 4 4 
Case #56: 4 19 10 6 6 
Case #57: 6 15 7 6 5 4 4 
Case #58: 5 20 6 6 6 3 
Case #59: 8 12 6 4 4 4 4 4 3 
Case #60: 4 18 9 7 7 
Case #61: 7 9 8 7 7 4 3 3 
Case #62: -1
Case #63: 6 12 8 8 5 4 4 
Case #64: 9 8 7 5 4 4 4 4 3 2 
Case #65: 10 8 4 4 4 4 4 4 4 1 4 
Case #66: 4 16 11 10 4 
Case #67: 24 1 1 1 1 1 1 1 1 1 1 1 1 1 1 1 1 1 1 1 1 1 1 1 18 
Case #68: 4 21 15 1 4 
Case #69: 4 24 14 1 2 
Case #70: 10 9 5 4 4 4 3 3 3 3 3 
Case #71: 7 12 6 5 5 5 4 4 
Case #72: 7 6 6 6 6 6 6 5 
Case #73: -1
Case #74: 13 21 7 1 1 1 1 1 1 1 1 1 1 3 
Case #75: -1
Case #76: 3 20 11 10 
Case #77: 4 24 9 5 3 
Case #78: 8 10 7 5 5 4 4 3 3 
Case #79: 5 14 13 6 5 3 
Case #80: 4 14 12 10 5 
Case #81: 18 23 1 1 1 1 1 1 1 1 1 1 1 1 1 1 1 1 2 
Case #82: 6 16 8 7 7 1 2 
Case #83: 5 25 5 5 3 3 
Case #84: 9 27 1 1 1 1 1 1 1 7 
Case #85: -1
Case #86: 6 16 6 6 5 5 3 
Case #87: 6 18 9 5 3 3 3 
Case #88: 4 27 7 1 6 
Case #89: 7 12 6 6 6 4 4 3 
Case #90: 6 14 9 7 4 4 3 
Case #91: 21 19 1 1 1 1 1 1 1 1 1 1 1 1 1 1 1 1 1 1 1 3 
Case #92: 8 9 8 4 4 4 4 4 4 
Case #93: 4 20 12 5 4 
Case #94: 5 18 13 4 3 3 
Case #95: -1
Case #96: -1
Case #97: 10 8 4 4 4 4 4 4 4 3 2 
Case #98: 6 12 7 6 6 5 5 
Case #99: 5 12 9 9 8 3 
Case #100: -1
Case #101: 5 18 9 5 5 4 
Case #102: 6 13 11 7 5 3 2 
Case #103: 4 12 11 10 8 
Case #104: -1
Case #105: 7 9 9 9 5 3 3 3 
Case #106: 10 30 1 1 1 1 1 1 1 1 3 
Case #107: 4 15 10 8 8 
Case #108: 7 9 6 6 6 6 4 4 
Case #109: 4 15 12 11 3 
Case #110: 8 10 7 7 5 5 3 1 3 
Case #111: -1
Case #112: 5 16 13 6 3 3 
Case #113: -1
Case #114: 5 27 5 3 3 3 
Case #115: 4 24 8 7 2 
Case #116: 4 24 7 7 3 
Case #117: 8 9 6 5 5 5 4 4 3 
Case #118: 8 10 6 5 4 4 4 4 4 
Case #119: -1
Case #120: 4 23 8 7 3 
Case #121: 7 10 8 6 5 4 4 4 
Case #122: -1
Case #123: 4 20 9 8 4 
Case #124: -1
Case #125: 8 10 6 6 4 4 4 4 3 
Case #126: 8 10 5 5 5 5 5 3 3 
Case #127: 5 21 9 6 3 2 
Case #128: 6 20 8 7 1 1 4 
Case #129: 20 21 1 1 1 1 1 1 1 1 1 1 1 1 1 1 1 1 1 1 2 
Case #130: -1
Case #131: -1
Case #132: 5 16 11 6 5 3 
Case #133: 5 18 10 5 5 3 
Case #134: 6 12 7 6 6 6 4 
Case #135: 6 32 1 1 1 1 5 
Case #136: 15 26 1 1 1 1 1 1 1 1 1 1 1 1 1 2 
Case #137: 7 10 7 6 6 4 4 4 
Case #138: -1
Case #139: -1
Case #140: 6 12 7 7 7 5 3 
Case #141: 5 16 10 7 5 3 
Case #142: 5 12 11 9 5 4 
Case #143: 5 17 16 3 3 2 
Case #144: -1
Case #145: 5 12 9 9 6 5 
Case #146: 6 15 7 7 4 4 4 
Case #147: 23 17 1 1 1 1 1 1 1 1 1 1 1 1 1 1 1 1 1 1 1 1 1 3 
Case #148: 4 17 16 6 2 
Case #149: -1
Case #150: 3 28 9 4 
Case #151: 7 25 3 3 3 3 1 3 
Case #152: 7 17 11 5 1 1 1 5 
Case #153: 4 16 16 7 2 
Case #154: 8 6 6 6 5 5 5 4 4 
Case #155: 8 8 7 7 4 4 4 4 3 
Case #156: 9 6 6 6 6 5 3 3 3 3 
Case #157: 5 20 8 5 5 3 
Case #158: 7 9 6 6 6 6 5 3 
Case #159: 6 16 13 5 1 1 5 
Case #160: 7 11 10 6 4 4 4 2 
Case #161: 5 18 8 6 5 4 
Case #162: -1
Case #163: 4 15 10 9 7 
Case #164: 25 1 1 1 1 1 1 1 1 1 1 1 1 1 1 1 1 1 1 1 1 1 1 1 1 17 
Case #165: 5 17 10 6 4 4 
Case #166: -1
Case #167: 7 27 7 1 1 1 1 3 
Case #168: -1
Case #169: -1
Case #170: -1
Case #171: 8 6 6 6 6 5 5 4 3 
Case #172: -1
Case #173: 11 4 4 4 4 4 4 4 4 4 1 4 
Case #174: 4 16 11 8 6 
Case #175: 9 32 1 1 1 1 1 1 1 2 
Case #176: 14 27 1 1 1 1 1 1 1 1 1 1 1 1 2 
Case #177: 6 9 9 9 5 5 4 
Case #178: 9 9 4 4 4 4 4 4 4 4 
Case #179: 3 16 15 10 
Case #180: -1
Case #181: 5 16 10 7 4 4 
Case #182: 8 10 6 5 5 4 4 4 3 
Case #183: 25 15 1 1 1 1 1 1 1 1 1 1 1 1 1 1 1 1 1 1 1 1 1 1 1 3 
Case #184: 5 21 6 6 5 3 
Case #185: 7 34 1 1 1 1 1 2 
Case #186: 4 17 13 8 3 
Case #187: 8 8 7 5 5 5 4 4 3 
Case #188: 8 10 6 6 5 5 3 3 3 
Case #189: 7 8 8 7 7 5 4 2 
Case #190: 4 29 8 1 3 
Case #191: 6 12 6 6 6 6 5 
Case #192: 7 13 10 4 4 4 3 3 
Case #193: 4 15 11 8 7 
Case #194: 8 8 7 7 7 7 1 1 3 
Case #195: 3 21 10 10 
Case #196: 6 10 9 7 6 6 3 
Case #197: 6 11 9 7 6 4 4 
Case #198: 12 1 1 1 1 1 1 1 1 1 1 1 30 
Case #199: 8 6 6 6 6 6 4 4 3 
Case #200: -1
Case #201: 5 13 8 8 6 6 
Case #202: -1
Case #203: 6 13 11 10 3 1 3 
Case #204: 8 11 10 5 3 3 3 3 3 
Case #205: 2 21 20 
Case #206: -1
Case #207: -1
Case #208: 6 15 8 7 5 3 3 
Case #209: -1
Case #210: 38 1 1 1 1 1 1 1 1 1 1 1 1 1 1 1 1 1 1 1 1 1 1 1 1 1 1 1 1 1 1 1 1 1 1 1 1 1 4 
Case #211: 3 30 1 10 
Case #212: -1
Case #213: 5 17 11 8 3 2 
Case #214: 11 30 1 1 1 1 1 1 1 1 1 2 
Case #215: 9 9 5 5 5 4 4 3 3 3 
Case #216: 4 24 6 6 5 
Case #217: 5 20 8 5 4 4 
Case #218: -1
Case #219: 6 11 8 6 6 5 5 
Case #220: 22 14 1 1 1 1 1 1 1 1 1 1 1 1 1 1 1 1 1 1 1 1 7 
Case #221: 7 7 7 6 6 6 5 4 
Case #222: 5 10 10 7 7 7 
Case #223: 5 26 5 5 1 4 
Case #224: 7 8 6 6 6 6 5 4 
Case #225: 4 20 10 6 5 
Case #226: 6 11 10 6 6 4 4 
Case #227: 26 1 1 1 1 1 1 1 1 1 1 1 1 1 1 1 1 1 1 1 1 1 1 1 1 1 16 
Case #228: 5 18 9 6 4 4 
Case #229: 19 20 1 1 1 1 1 1 1 1 1 1 1 1 1 1 1 1 1 4 
Case #230: 7 8 8 6 5 5 5 4 
Case #231: 4 18 13 7 3 
Case #232: 7 10 7 7 7 4 3 3 
Case #233: 5 13 11 9 4 4 
Case #234: 14 1 1 1 1 1 1 1 1 1 1 1 1 1 28 
Case #235: 6 13 12 5 5 3 3 
Case #236: -1
Case #237: 6 23 10 3 1 1 3 
Case #238: 5 18 8 7 4 4 
Case #239: 7 9 6 6 5 5 5 5 
Case #240: -1
Case #241: -1
Case #242: 13 25 1 1 1 1 1 1 1 1 1 1 1 5 
Case #243: 7 13 10 6 3 3 3 3 
Case #244: 6 10 9 6 6 5 5 
Case #245: -1
Case #246: 6 12 8 6 6 5 4 
Case #247: -1
Case #248: 8 32 1 1 1 1 1 1 3 
Case #249: 8 10 6 5 5 5 4 3 3 
Case #250: 6 9 9 7 6 5 5 
Case #251: 3 33 6 2 
Case #252: 6 13 6 6 6 5 5 
Case #253: -1
Case #254: 5 26 5 4 3 3 
Case #255: 5 15 9 7 6 4 
Case #256: -1
Case #257: 3 25 10 6 
Case #258: 8 11 8 5 4 4 4 3 2 
Case #259: 7 8 8 7 7 4 4 3 
Case #260: 4 22 8 6 5 
Case #261: 7 13 8 7 4 4 3 2 
Case #262: 5 14 13 9 1 4 
Case #263: 19 17 1 1 1 1 1 1 1 1 1 1 1 1 1 1 1 1 1 7 
Case #264: 7 12 7 7 5 4 3 3 
Case #265: 3 25 8 8 
Case #266: 29 1 1 1 1 1 1 1 1 1 1 1 1 1 1 1 1 1 1 1 1 1 1 1 1 1 1 1 1 13 
Case #267: 4 19 16 3 3 
Case #268: 6 10 8 8 6 5 4 
Case #269: 5 11 10 8 6 6 
Case #270: 13 1 1 1 1 1 1 1 1 1 1 1 1 29 
Case #271: 6 10 8 6 6 6 5 
Case #272: 6 15 6 6 6 5 3 
Case #273: 6 10 10 7 5 5 4 
Case #274: 7 7 6 6 6 6 5 5 
Case #275: 7 11 8 7 5 5 3 2 
Case #276: -1
Case #277: -1
Case #278: 6 19 8 5 4 3 2 
Case #279: 6 12 11 6 6 3 3 
Case #280: 6 12 9 5 5 5 5 
Case #281: 3 32 6 3 
Case #282: 9 31 1 1 1 1 1 1 1 3 
Case #283: 7 9 6 6 6 5 5 4 
Case #284: 4 1 1 1 38 
Case #285: 5 15 11 7 6 2 
Case #286: 6 15 11 5 5 3 2 
Case #287: 6 13 10 7 4 4 3 
Case #288: 6 13 10 6 4 4 4 
Case #289: 6 12 7 7 6 5 4 
Case #290: 3 15 14 12 
Case #291: 5 27 5 5 1 3 
Case #292: -1
Case #293: 4 16 16 6 3 
Case #294: 7 8 8 8 8 4 3 2 
Case #295: 6 14 6 6 5 5 5 
Case #296: 18 1 1 1 1 1 1 1 1 1 1 1 1 1 1 1 1 1 24 
Case #297: 7 26 9 1 1 1 1 2 
Case #298: 6 16 13 5 4 1 2 
Case #299: 5 19 9 5 4 4 
Case #300: 5 13 12 8 5 3 
Case #301: 6 13 12 5 5 4 2 
Case #302: 9 9 9 4 4 3 3 3 3 3 
Case #303: 5 14 14 1 1 11 
Case #304: 6 12 11 5 5 5 3 
Case #305: 4 16 16 5 4 
Case #306: 8 9 6 6 6 4 4 3 3 
Case #307: 8 10 7 7 5 3 3 3 3 
Case #308: 7 11 9 5 4 4 4 4 
Case #309: 4 16 11 11 3 
Case #310: 3 27 7 7 
Case #311: 5 21 8 4 4 4 
Case #312: 7 12 9 5 5 4 3 3 
Case #313: 6 19 17 1 1 1 2 
Case #314: 9 9 6 6 5 3 3 3 3 3 
Case #315: 4 34 1 1 5 
Case #316: 17 24 1 1 1 1 1 1 1 1 1 1 1 1 1 1 1 2 
Case #317: -1
Case #318: 8 9 9 6 4 4 3 3 3 
Case #319: 5 16 8 8 5 4 
Case #320: 4 20 13 5 3 
Case #321: -1
Case #322: 6 10 8 7 6 5 5 
Case #323: 6 14 8 6 5 4 4 
Case #324: 4 15 10 10 6 
Case #325: -1
Case #326: -1
Case #327: 10 6 6 6 5 3 3 3 3 3 3 
Case #328: 4 22 9 7 3 
Case #329: 7 11 10 5 5 4 3 3 
Case #330: -1
Case #331: 5 12 11 7 6 5 
Case #332: 5 12 11 6 6 6 
Case #333: 5 10 10 9 7 5 
Case #334: 6 17 11 8 1 1 3 
Case #335: 4 32 1 1 7 
Case #336: 4 15 15 6 5 
Case #337: 5 10 10 10 1 10 
Case #338: 3 37 1 3 
Case #339: 5 17 9 6 6 3 
Case #340: 8 13 10 5 5 3 1 1 3 
Case #341: 5 16 11 8 4 2 
Case #342: 9 9 6 4 4 4 4 4 4 2 
Case #343: 5 15 14 5 5 2 
Case #344: -1
Case #345: 5 16 9 8 4 4 
Case #346: 6 34 1 1 1 1 3 
Case #347: 7 10 6 6 6 6 4 3 
Case #348: -1
Case #349: 5 18 9 8 3 3 
Case #350: 7 14 6 5 5 4 4 3 
Case #351: 4 20 8 8 5 
Case #352: 4 25 11 1 4 
Case #353: 6 8 8 8 8 5 4 
Case #354: 5 12 10 9 5 5 
Case #355: 6 11 7 6 6 6 5 
Case #356: 7 8 8 8 7 4 4 2 
Case #357: 9 1 1 1 1 1 1 1 1 33 
Case #358: 6 24 11 1 1 1 3 
Case #359: 5 10 9 8 8 6 
Case #360: 11 27 1 1 1 1 1 1 1 1 1 5 
Case #361: -1
Case #362: 11 29 1 1 1 1 1 1 1 1 1 3 
Case #363: 4 19 8 8 6 
Case #364: 6 12 9 7 7 3 3 
Case #365: 4 18 10 7 6 
Case #366: 6 11 10 9 6 3 2 
Case #367: 6 13 10 6 6 3 3 
Case #368: 6 11 10 6 6 5 3 
Case #369: 41 1 1 1 1 1 1 1 1 1 1 1 1 1 1 1 1 1 1 1 1 1 1 1 1 1 1 1 1 1 1 1 1 1 1 1 1 1 1 1 1 1 
Case #370: -1
Case #371: -1
Case #372: 27 11 1 1 1 1 1 1 1 1 1 1 1 1 1 1 1 1 1 1 1 1 1 1 1 1 1 5 
Case #373: -1
Case #374: 17 23 1 1 1 1 1 1 1 1 1 1 1 1 1 1 1 3 
Case #375: 5 16 8 8 7 2 
Case #376: 5 12 9 7 7 6 
Case #377: 36 1 1 1 1 1 1 1 1 1 1 1 1 1 1 1 1 1 1 1 1 1 1 1 1 1 1 1 1 1 1 1 1 1 1 1 6 
Case #378: -1
Case #379: 4 21 14 4 2 
Case #380: 6 12 7 7 6 6 3 
Case #381: 4 18 13 6 4 
Case #382: 8 33 1 1 1 1 1 1 2 
Case #383: -1
Case #384: 5 22 9 6 1 3 
Case #385: 6 14 6 6 6 5 4 
Case #386: -1
Case #387: 6 25 5 4 4 1 2 
Case #388: 6 16 11 6 3 3 2 
Case #389: 7 12 6 6 5 5 4 3 
Case #390: -1
Case #391: 3 24 11 6 
Case #392: 7 9 7 7 6 6 3 3 
Case #393: 25 11 1 1 1 1 1 1 1 1 1 1 1 1 1 1 1 1 1 1 1 1 1 1 1 7 
Case #394: 5 36 1 1 1 2 
Case #395: 4 25 10 3 3 
Case #396: -1
Case #397: 4 19 16 1 5 
Case #398: 4 37 1 1 2 
Case #399: 40 1 1 1 1 1 1 1 1 1 1 1 1 1 1 1 1 1 1 1 1 1 1 1 1 1 1 1 1 1 1 1 1 1 1 1 1 1 1 1 2 
Case #400: 11 1 1 1 1 1 1 1 1 1 1 31 
Case #401: 4 20 16 3 2 
Case #402: 4 27 6 4 4 
Case #403: 7 10 9 7 6 3 3 3 
Case #404: -1
Case #405: -1
Case #406: 5 10 9 8 7 7 
Case #407: 4 22 12 5 2 
Case #408: 8 8 8 8 4 4 4 3 2 
Case #409: 4 18 8 8 7 
Case #410: -1
Case #411: 4 22 12 4 3 
Case #412: 20 1 1 1 1 1 1 1 1 1 1 1 1 1 1 1 1 1 1 1 22 
Case #413: 8 10 6 6 5 4 4 3 3 
Case #414: 3 38 1 2 
Case #415: 6 11 9 6 6 6 3 
Case #416: -1
Case #417: 6 17 8 7 4 3 2 
Case #418: 5 11 11 8 8 3 
Case #419: -1
Case #420: 3 20 12 9 
Case #421: 6 16 8 8 4 3 2 
Case #422: 7 13 8 5 4 4 4 3 
Case #423: 6 9 9 9 8 3 3 
Case #424: 16 21 1 1 1 1 1 1 1 1 1 1 1 1 1 1 6 
Case #425: 9 8 8 4 4 4 4 4 3 2 
Case #426: 4 24 7 5 5 
Case #427: 5 18 11 4 4 4 
Case #428: 15 23 1 1 1 1 1 1 1 1 1 1 1 1 1 5 
Case #429: 6 21 5 5 5 3 2 
Case #430: 6 12 11 6 5 5 2 
Case #431: 6 12 11 6 4 4 4 
Case #432: 5 17 16 5 1 2 
Case #433: 6 16 6 6 5 4 4 
Case #434: 37 1 1 1 1 1 1 1 1 1 1 1 1 1 1 1 1 1 1 1 1 1 1 1 1 1 1 1 1 1 1 1 1 1 1 1 1 5 
Case #435: 5 17 16 1 1 6 
Case #436: -1
Case #437: 8 9 7 5 4 4 4 4 4 
Case #438: 6 13 11 8 4 3 2 
Case #439: -1
Case #440: -1
Case #441: 8 10 6 5 5 5 4 4 2 
Case #442: 7 32 1 1 1 1 1 4 
Case #443: 13 27 1 1 1 1 1 1 1 1 1 1 1 3 
Case #444: 19 22 1 1 1 1 1 1 1 1 1 1 1 1 1 1 1 1 1 2 
Case #445: 4 32 4 3 2 
Case #446: 6 9 7 7 6 6 6 
Case #447: -1
Case #448: 3 20 14 7 
Case #449: 6 17 10 7 3 1 3 
Case #450: -1
Case #451: 6 9 8 7 7 7 3 
Case #452: 8 12 5 5 4 4 4 4 3 
Case #453: 3 24 9 8 
Case #454: 6 17 10 4 4 3 3 
Case #455: 3 18 18 5 
Case #456: 6 12 9 9 5 3 3 
Case #457: 5 20 7 6 4 4 
Case #458: 5 16 9 7 5 4 
Case #459: 15 25 1 1 1 1 1 1 1 1 1 1 1 1 1 3 
Case #460: 9 8 5 4 4 4 4 4 4 4 
Case #461: 6 14 7 6 6 5 3 
Case #462: -1
Case #463: 8 8 6 6 5 4 4 4 4 
Case #464: -1
Case #465: 7 10 10 5 4 4 4 4 
Case #466: 4 24 9 1 7 
Case #467: 5 22 8 7 1 3 
Case #468: 5 16 13 7 1 4 
Case #469: 5 16 7 6 6 6 
Case #470: 6 15 6 6 6 4 4 
Case #471: 6 16 8 5 5 4 3 
Case #472: 15 1 1 1 1 1 1 1 1 1 1 1 1 1 1 27 
Case #473: 5 18 8 7 5 3 
Case #474: 7 11 9 5 5 4 4 3 
Case #475: -1
Case #476: -1
Case #477: 7 10 9 6 5 5 3 3 
Case #478: 5 16 9 6 5 5 
Case #479: 5 19 10 6 3 3 
Case #480: 9 10 4 4 4 4 4 4 4 3 
Case #481: 8 10 7 5 4 4 4 4 3 
Case #482: 7 11 10 6 4 4 3 3 
Case #483: 8 9 5 5 5 5 4 4 4 
Case #484: 6 13 10 7 5 3 3 
Case #485: 5 16 10 6 5 4 
Case #486: 5 21 10 7 1 2 
Case #487: -1
Case #488: 4 21 9 8 3 
Case #489: 7 19 1 1 1 1 1 17 
Case #490: 5 17 10 9 3 2 
Case #491: -1
Case #492: 6 8 8 8 7 6 4 
Case #493: 5 24 8 4 1 4 
Case #494: 9 9 7 5 4 4 3 3 3 3 
Case #495: 8 13 10 3 3 3 3 3 3 
Case #496: -1
Case #497: 4 21 8 8 4 
Case #498: 4 21 10 5 5 
Case #499: 4 18 15 5 3 
Case #500: 3 19 16 6 
Case #501: 5 15 7 7 6 6 
Case #502: -1
Case #503: 6 13 12 4 4 4 4 
Case #504: 3 20 15 6 
Case #505: 7 12 7 5 5 4 4 4 
Case #506: 9 30 1 1 1 1 1 1 1 4 
Case #507: 6 22 9 1 1 1 7 
Case #508: 6 11 6 6 6 6 6 
Case #509: 6 16 12 4 4 1 4 
Case #510: 6 11 8 7 7 5 3 
Case #511: 3 21 14 6 
Case #512: -1
Case #513: 6 12 8 7 5 5 4 
Case #514: 5 14 9 6 6 6 
Case #515: 7 14 5 5 5 4 4 4 
Case #516: -1
Case #517: 5 16 8 7 7 3 
Case #518: 28 1 1 1 1 1 1 1 1 1 1 1 1 1 1 1 1 1 1 1 1 1 1 1 1 1 1 1 14 
Case #519: 7 12 6 5 5 5 5 3 
Case #520: 5 13 12 6 6 4 
Case #521: 4 20 10 7 4 
Case #522: 5 14 13 7 4 3 
Case #523: 5 10 10 8 8 5 
Case #524: -1
Case #525: 8 31 1 1 1 1 1 1 4 
Case #526: 6 1 1 1 1 1 36 
Case #527: 5 15 10 7 7 2 
Case #528: 8 10 7 5 5 5 3 3 3 
Case #529: 6 16 6 5 5 5 4 
Case #530: -1
Case #531: 5 28 9 1 1 2 
Case #532: 6 13 12 6 4 3 3 
Case #533: -1
Case #534: 5 13 12 7 6 3 
Case #535: -1
Case #536: -1
Case #537: 5 11 9 9 6 6 
Case #538: 8 10 5 5 5 5 4 4 3 
Case #539: 6 14 7 6 5 5 4 
Case #540: 6 9 8 8 8 4 4 
Case #541: 5 32 1 1 1 6 
Case #542: 5 23 8 5 3 2 
Case #543: 29 7 1 1 1 1 1 1 1 1 1 1 1 1 1 1 1 1 1 1 1 1 1 1 1 1 1 1 1 7 
Case #544: 6 11 8 8 7 5 2 
Case #545: 7 16 8 4 4 4 3 2 
Case #546: -1
Case #547: -1
Case #548: 21 13 1 1 1 1 1 1 1 1 1 1 1 1 1 1 1 1 1 1 1 9 
Case #549: 5 12 11 11 4 3 
Case #550: 3 18 17 6 
Case #551: 4 21 10 7 3 
Case #552: 5 15 13 6 4 3 
Case #553: 7 12 8 5 5 4 4 3 
Case #554: 5 17 12 4 4 4 
Case #555: 6 12 8 6 5 5 5 
Case #556: 7 8 8 7 6 4 4 4 
Case #557: -1
Case #558: 5 14 11 6 5 5 
Case #559: -1
Case #560: 7 9 7 6 6 5 5 3 
Case #561: 5 14 8 8 6 5 
Case #562: 5 11 8 8 8 6 
Case #563: 8 8 8 5 5 5 4 4 2 
Case #564: 5 13 10 10 1 7 
Case #565: 8 9 7 5 5 4 4 4 3 
Case #566: 4 27 10 1 3 
Case #567: 7 12 6 6 6 5 3 3 
Case #568: 6 9 9 7 6 6 4 
Case #569: 6 8 8 8 6 6 5 
Case #570: -1
Case #571: 3 36 3 2 
Case #572: 6 14 7 6 6 4 4 
Case #573: -1
Case #574: 3 17 13 11 
Case #575: 6 16 7 6 5 4 3 
Case #576: -1
Case #577: 13 19 7 1 1 1 1 1 1 1 1 1 1 5 
Case #578: 3 19 17 5 
Case #579: 4 12 10 10 9 
Case #580: 6 16 7 7 7 1 3 
Case #581: -1
Case #582: 4 25 8 5 3 
Case #583: 3 22 12 7 
Case #584: -1
Case #585: 2 36 5 
Case #586: 8 17 16 1 1 1 1 1 3 
Case #587: -1
Case #588: 4 30 7 1 3 
Case #589: 5 27 7 3 1 3 
Case #590: 6 13 8 8 7 3 2 
Case #591: -1
Case #592: 7 12 7 6 6 4 3 3 
Case #593: 6 12 8 7 6 4 4 
Case #594: 6 9 8 6 6 6 6 
Case #595: -1
Case #596: 19 19 1 1 1 1 1 1 1 1 1 1 1 1 1 1 1 1 1 5 
Case #597: -1
Case #598: 9 9 5 4 4 4 4 4 4 3 
Case #599: 5 15 9 6 6 5 
Case #600: -1
Case #601: 6 8 8 8 8 1 8 
Case #602: -1
Case #603: 6 10 9 7 5 5 5 
Case #604: 39 1 1 1 1 1 1 1 1 1 1 1 1 1 1 1 1 1 1 1 1 1 1 1 1 1 1 1 1 1 1 1 1 1 1 1 1 1 1 3 
Case #605: 4 25 6 6 4 
Case #606: 34 1 1 1 1 1 1 1 1 1 1 1 1 1 1 1 1 1 1 1 1 1 1 1 1 1 1 1 1 1 1 1 1 1 8 
Case #607: 6 10 8 7 6 6 4 
Case #608: 7 12 9 4 4 4 4 4 
Case #609: 4 18 9 8 6 
Case #610: 5 23 9 4 1 4 
Case #611: 3 18 12 11 
Case #612: 13 13 11 1 1 1 1 1 1 1 1 1 1 7 
Case #613: 6 14 7 7 5 4 4 
Case #614: -1
Case #615: 7 33 1 1 1 1 1 3 
Case #616: 6 11 11 10 3 3 3 
Case #617: 17 1 1 1 1 1 1 1 1 1 1 1 1 1 1 1 1 25 
Case #618: 4 15 12 9 5 
Case #619: 7 8 8 8 8 4 1 4 
Case #620: 10 31 1 1 1 1 1 1 1 1 2 
Case #621: 3 30 6 5 
Case #622: 16 23 1 1 1 1 1 1 1 1 1 1 1 1 1 1 4 
Case #623: 5 15 10 10 1 5 
Case #624: 5 14 11 6 6 4 
Case #625: 5 14 9 8 7 3 
Case #626: -1
Case #627: -1
Case #628: 5 18 6 6 6 5 
Case #629: 7 7 6 6 6 6 6 4 
Case #630: 5 22 6 5 5 3 
Case #631: 4 18 9 9 5 
Case #632: 3 18 13 10 
Case #633: 7 9 9 7 4 4 4 4 
Case #634: -1
Case #635: -1
Case #636: 6 12 9 8 4 4 4 
Case #637: 4 26 7 5 3 
Case #638: 6 12 10 5 5 5 4 
Case #639: 7 11 9 7 4 4 4 2 
Case #640: 4 19 12 7 3 
Case #641: 8 10 7 6 4 4 4 3 3 
Case #642: 7 9 8 8 4 4 4 4 
Case #643: 6 13 10 9 3 3 3 
Case #644: 6 12 11 6 5 4 3 
Case #645: -1
Case #646: 8 10 9 5 5 3 3 3 3 
Case #647: 4 14 10 9 8 
Case #648: 7 1 1 1 1 1 1 35 
Case #649: 5 19 12 5 1 4 
Case #650: 7 11 10 6 5 3 3 3 
Case #651: 5 15 10 7 5 4 
Case #652: 5 13 9 7 6 6 
Case #653: 6 11 11 8 4 4 3 
Case #654: 6 16 5 5 5 5 5 
Case #655: 7 12 7 6 4 4 4 4 
Case #656: 3 16 16 9 
Case #657: 4 19 11 8 3 
Case #658: 5 18 7 7 6 3 
Case #659: 7 12 8 5 5 5 3 3 
Case #660: 6 12 9 6 6 4 4 
Case #661: -1
Case #662: 32 1 1 1 1 1 1 1 1 1 1 1 1 1 1 1 1 1 1 1 1 1 1 1 1 1 1 1 1 1 1 1 10 
Case #663: -1
Case #664: 5 13 12 7 5 4 
Case #665: 5 18 7 7 7 2 
Case #666: 7 12 5 5 5 5 5 4 
Case #667: -1
Case #668: 7 11 8 7 4 4 4 3 
Case #669: 7 25 5 3 3 1 1 3 
Case #670: 6 8 8 8 7 5 5 
Case #671: -1
Case #672: 9 9 5 5 4 4 4 4 3 3 
Case #673: 13 28 1 1 1 1 1 1 1 1 1 1 1 2 
Case #674: 5 16 10 5 5 5 
Case #675: 2 1 40 
Case #676: -1
Case #677: 4 18 11 6 6 
Case #678: 6 8 8 7 7 6 5 
Case #679: -1
Case #680: 6 15 13 5 3 3 2 
Case #681: 5 19 1 1 1 19 
Case #682: 8 18 9 3 3 3 1 1 3 
Case #683: 7 12 6 6 5 4 4 4 
Case #684: 7 10 6 6 6 5 5 3 
Case #685: 5 14 9 7 7 4 
Case #686: 5 17 9 7 4 4 
Case #687: 6 14 6 6 6 6 3 
Case #688: 5 15 8 7 6 5 
Case #689: 6 16 7 5 5 4 4 
Case #690: -1
Case #691: 5 35 1 1 1 3 
Case #692: 6 21 7 5 3 3 2 
Case #693: -1
Case #694: 9 10 5 4 4 4 4 4 3 3 
Case #695: 3 27 9 5 
Case #696: 4 18 10 10 3 
Case #697: 4 18 11 9 3 
Case #698: 3 32 5 4 
Case #699: 5 16 7 7 7 4 
Case #700: 4 14 10 10 7 
Case #701: 7 8 8 6 6 5 4 4 
Case #702: -1
Case #703: 6 14 9 6 6 3 3 
Case #704: 3 22 16 3 
Case #705: 4 16 9 8 8 
Case #706: -1
Case #707: 5 19 12 4 3 3 
Case #708: 8 10 7 6 6 3 3 3 3 
Case #709: 4 12 12 9 8 
Case #710: 8 7 6 6 6 5 4 4 3 
Case #711: 5 16 8 6 6 5 
Case #712: 5 19 17 1 1 3 
Case #713: -1
Case #714: 4 16 10 8 7 
Case #715: 4 18 12 9 2 
Case #716: 7 8 8 5 5 5 5 5 
Case #717: 5 17 12 6 3 3 
Case #718: 9 6 6 6 5 4 4 4 3 3 
Case #719: -1
Case #720: -1
Case #721: 4 18 11 7 5 
Case #722: 8 9 6 6 5 4 4 4 3 
Case #723: 4 25 10 4 2 
Case #724: 7 14 6 5 4 4 4 4 
Case #725: -1
Case #726: 6 19 16 1 1 1 3 
Case #727: -1
Case #728: 6 17 8 5 4 4 3 
Case #729: 4 15 11 10 5 
Case #730: 4 20 9 7 5 
Case #731: 3 24 12 5 
Case #732: 6 11 11 9 4 4 2 
Case #733: 6 13 12 5 4 4 3 
Case #734: 7 10 7 6 6 5 4 3 
Case #735: -1
Case #736: 6 17 10 5 3 3 3 
Case #737: -1
Case #738: 4 16 12 8 5 
Case #739: -1
Case #740: 4 18 17 1 5 
Case #741: 5 12 10 7 7 5 
Case #742: -1
Case #743: 7 11 6 6 6 5 4 3 
Case #744: 3 23 1 17 
Case #745: 8 12 5 4 4 4 4 4 4 
Case #746: 5 16 8 7 6 4 
Case #747: 8 7 6 6 6 5 5 3 3 
Case #748: 35 1 1 1 1 1 1 1 1 1 1 1 1 1 1 1 1 1 1 1 1 1 1 1 1 1 1 1 1 1 1 1 1 1 1 7 
Case #749: 3 21 12 8 
Case #750: 4 21 12 5 3 
Case #751: -1
Case #752: -1
Case #753: 7 19 7 7 1 1 1 5 
Case #754: -1
Case #755: 21 1 1 1 1 1 1 1 1 1 1 1 1 1 1 1 1 1 1 1 1 21 
Case #756: 5 18 8 5 5 5 
Case #757: 6 16 8 7 4 4 2 
Case #758: 7 8 7 7 7 7 3 2 
Case #759: 6 12 11 7 5 3 3 
Case #760: 10 1 1 1 1 1 1 1 1 1 32 
Case #761: 10 29 1 1 1 1 1 1 1 1 4 
Case #762: 5 13 8 8 7 5 
Case #763: -1
Case #764: 6 16 6 6 6 4 3 
Case #765: 6 27 3 3 3 3 2 
Case #766: -1
Case #767: 3 32 7 2 
Case #768: 10 10 5 5 3 3 3 3 3 3 3 
Case #769: 7 12 8 5 4 4 4 4 
Case #770: 6 11 9 8 7 3 3 
Case #771: 16 25 1 1 1 1 1 1 1 1 1 1 1 1 1 1 2 
Case #772: 11 28 1 1 1 1 1 1 1 1 1 4 
Case #773: 7 10 7 7 6 5 3 3 
Case #774: 4 21 12 6 2 
Case #775: 5 18 9 9 3 2 
Case #776: -1
Case #777: 7 8 7 6 6 6 4 4 
Case #778: 7 8 6 6 6 5 5 5 
Case #779: 9 8 5 5 5 5 4 4 3 2 
Case #780: 9 10 7 6 3 3 3 3 3 3 
Case #781: 6 11 10 7 7 3 3 
Case #782: 33 1 1 1 1 1 1 1 1 1 1 1 1 1 1 1 1 1 1 1 1 1 1 1 1 1 1 1 1 1 1 1 1 9 
Case #783: 21 11 1 1 1 1 1 1 1 1 1 1 1 1 1 1 1 1 1 1 1 11 
Case #784: 5 22 7 6 3 3 
Case #785: 6 11 10 9 5 3 3 
Case #786: 3 18 14 9 
Case #787: 7 13 9 5 4 4 3 3 
Case #788: 7 12 9 5 4 4 4 3 
Case #789: 3 24 10 7 
Case #790: 5 19 8 7 4 3 
Case #791: 4 22 9 6 4 
Case #792: 12 28 1 1 1 1 1 1 1 1 1 1 3 
Case #793: 4 20 9 6 6 
Case #794: -1
Case #795: 7 9 9 6 6 5 3 3 
Case #796: -1
Case #797: 7 9 7 7 6 4 4 4 
Case #798: 6 16 10 5 5 1 4 
Case #799: -1
Case #800: 5 16 9 7 7 2 
Case #801: 6 12 9 6 5 5 4 
Case #802: 5 16 9 6 6 4 
Case #803: 2 39 2 
Case #804: 6 16 8 5 4 4 4 
Case #805: 6 11 10 10 7 1 2 
Case #806: -1
Case #807: 8 15 5 5 5 3 3 3 2 
Case #808: 6 15 9 6 4 4 3 
Case #809: 10 9 8 3 3 3 3 3 3 3 3 
Case #810: 6 20 5 4 4 4 4 
Case #811: -1
Case #812: 7 13 8 5 5 5 3 2 
Case #813: 5 13 10 6 6 6 
Case #814: 6 11 9 6 6 5 4 
Case #815: 4 27 6 5 3 
Case #816: 7 10 6 6 5 5 5 4 
Case #817: -1
Case #818: -1
Case #819: 4 32 3 3 3 
Case #820: 5 11 10 9 6 5 
Case #821: 5 25 7 3 3 3 
Case #822: 8 6 6 6 6 6 5 3 3 
Case #823: 7 8 8 7 5 5 4 4 
Case #824: -1
Case #825: 6 13 9 8 4 4 3 
Case #826: 25 13 1 1 1 1 1 1 1 1 1 1 1 1 1 1 1 1 1 1 1 1 1 1 1 5 
Case #827: 4 20 8 7 6 
Case #828: 4 16 11 7 7 
Case #829: 4 36 1 1 3 
Case #830: 4 16 10 9 6 
Case #831: 6 13 8 8 5 5 2 
Case #832: 5 13 12 6 5 5 
Case #833: -1
Case #834: 9 9 6 5 4 4 4 3 3 3 
Case #835: 7 9 7 7 5 5 4 4 
Case #836: -1
Case #837: 31 1 1 1 1 1 1 1 1 1 1 1 1 1 1 1 1 1 1 1 1 1 1 1 1 1 1 1 1 1 1 11 
Case #838: 7 8 8 8 5 4 4 4 
Case #839: 6 11 8 8 5 5 4 
Case #840: 4 14 12 8 7 
Case #841: 6 8 8 7 6 6 6 
Case #842: 6 9 9 6 6 6 5 
Case #843: 7 14 6 5 5 5 3 3 
Case #844: -1
Case #845: 5 12 10 7 6 6 
Case #846: -1
Case #847: -1
Case #848: -1
Case #849: -1
Case #850: 4 24 10 4 3 
Case #851: 7 9 7 6 6 6 4 3 
Case #852: -1
Case #853: 7 10 7 6 5 5 4 4 
Case #854: 4 14 12 11 4 
Case #855: 4 18 12 8 3 
Case #856: 5 17 12 5 4 3 
Case #857: 5 12 10 8 6 5 
Case #858: 6 12 11 8 4 3 3 
Case #859: 6 11 8 8 7 4 3 
Case #860: 8 26 7 1 1 1 1 1 3 
Case #861: 6 18 5 5 5 5 3 
Case #862: 8 8 7 7 5 5 4 3 2 
Case #863: 6 11 11 8 7 1 3 
Case #864: -1
Case #865: 6 8 8 8 8 7 2 
Case #866: 6 19 10 5 3 1 3 
Case #867: 5 10 9 9 7 6 
Case #868: 7 11 8 5 5 5 4 3 
Case #869: 7 9 9 6 6 4 4 3 
Case #870: 6 9 9 9 6 5 3 
Case #871: 5 18 7 7 5 4 
Case #872: 6 10 9 7 7 5 3 
Case #873: 5 12 8 8 8 5 
Case #874: 6 20 8 4 4 1 4 
Case #875: 8 8 5 5 5 5 5 5 3 
Case #876: 7 9 9 9 4 4 3 3 
Case #877: -1
Case #878: 7 9 8 6 6 4 4 4 
Case #879: 6 12 9 7 5 5 3 
Case #880: -1
Case #881: 10 10 7 3 3 3 3 3 3 3 3 
Case #882: 5 17 9 8 4 3 
Case #883: 4 24 7 6 4 
Case #884: 6 13 8 7 5 5 3 
Case #885: 6 10 9 9 7 3 3 
Case #886: -1
Case #887: 5 22 15 1 1 2 
Case #888: 5 15 11 6 6 3 
Case #889: 4 12 12 11 6 
Case #890: 6 9 8 8 6 6 4 
Case #891: 19 21 1 1 1 1 1 1 1 1 1 1 1 1 1 1 1 1 1 3 
Case #892: 7 15 5 5 4 4 4 4 
Case #893: 5 12 8 8 7 6 
Case #894: 5 1 1 1 1 37 
Case #895: 23 13 1 1 1 1 1 1 1 1 1 1 1 1 1 1 1 1 1 1 1 1 1 7 
Case #896: 7 10 10 5 5 4 4 3 
Case #897: 8 9 6 6 6 5 3 3 3 
Case #898: 21 17 1 1 1 1 1 1 1 1 1 1 1 1 1 1 1 1 1 1 1 5 
Case #899: 7 11 9 6 6 3 3 3 
Case #900: 5 15 11 6 5 4 
Case #901: 4 21 10 8 2 
Case #902: -1
Case #903: -1
Case #904: 6 13 9 6 6 4 3 
Case #905: 4 26 6 5 4 
Case #906: -1
Case #907: 13 26 1 1 1 1 1 1 1 1 1 1 1 4 
Case #908: 9 6 6 6 5 5 4 3 3 3 
Case #909: 7 14 5 5 5 5 4 3 
Case #910: 6 13 9 6 5 4 4 
Case #911: 4 14 14 9 4 
Case #912: 4 17 16 1 7 
Case #913: 6 11 9 9 4 4 4 
Case #914: -1
Case #915: -1
Case #916: 5 15 11 7 4 4 
Case #917: 5 10 10 8 7 6 
Case #918: 5 10 10 9 6 6 
Case #919: 6 35 1 1 1 1 2 
Case #920: 8 9 9 8 3 3 3 3 3 
Case #921: 6 14 13 5 4 1 4 
Case #922: 8 9 7 7 4 4 4 4 2 
Case #923: 8 9 6 5 5 4 4 4 4 
Case #924: -1
Case #925: -1
Case #926: 27 1 1 1 1 1 1 1 1 1 1 1 1 1 1 1 1 1 1 1 1 1 1 1 1 1 1 15 
Case #927: 7 8 7 7 7 5 4 3 
Case #928: -1
Case #929: 4 11 10 10 10 
Case #930: 4 22 10 6 3 
Case #931: 6 9 9 9 6 4 4 
Case #932: 16 22 1 1 1 1 1 1 1 1 1 1 1 1 1 1 5 
Case #933: 12 29 1 1 1 1 1 1 1 1 1 1 2 
Case #934: 7 10 7 6 6 6 3 3 
Case #935: 8 10 7 6 4 4 4 4 2 
Case #936: 7 10 7 7 6 4 4 3 
Case #937: 6 12 11 5 5 4 4 
Case #938: 7 9 9 6 5 5 4 3 
Case #939: 6 15 7 6 6 4 3 
Case #940: 8 9 9 4 4 4 4 4 3 
Case #941: 6 18 7 7 3 3 3 
Case #942: 6 16 16 5 1 1 2 
Case #943: -1
Case #944: 6 12 10 6 5 4 4 
Case #945: 4 20 13 4 4 
Case #946: 19 1 1 1 1 1 1 1 1 1 1 1 1 1 1 1 1 1 1 23 
Case #947: 4 24 9 4 4 
Case #948: 6 10 10 7 7 5 2 
Case #949: 8 6 6 6 5 5 5 5 3 
Case #950: 9 8 5 5 4 4 4 4 4 3 
Case #951: 3 30 9 2 
Case #952: 2 32 9 
Case #953: -1
Case #954: 7 9 7 6 6 5 4 4 
Case #955: 8 1 1 1 1 1 1 1 34 
Case #956: 4 27 8 3 3 
Case #957: -1
Case #958: -1
Case #959: 17 22 1 1 1 1 1 1 1 1 1 1 1 1 1 1 1 4 
Case #960: 5 15 8 8 5 5 
