100 200
75 76
17 18
54 55
63 64
38 39
97 98
4 5
88 87
23 24
92 93
25 26
47 50
45 46
29 30
1 2
35 36
9 10
44 40
22 23
61 63
96 97
68 70
69 70
79 80
69 66
58 54
65 69
50 46
49 50
70 71
25 27
15 16
78 79
24 23
14 12
62 64
51 49
65 66
72 70
47 48
85 83
96 98
30 31
23 19
57 58
39 37
84 85
7 9
27 31
34 35
5 7
31 28
12 13
58 56
52 53
55 56
62 63
80 77
71 72
77 75
21 22
84 83
71 70
89 90
37 38
66 63
73 74
92 91
60 64
58 62
34 30
27 28
95 91
55 59
66 67
91 88
47 45
85 86
22 26
10 7
67 68
86 87
10 11
30 34
76 77
72 73
81 78
75 79
99 100
19 20
20 17
10 14
74 75
24 22
73 72
91 92
33 34
100 99
69 71
53 51
64 65
18 19
61 62
34 37
82 84
68 69
33 29
98 99
78 74
79 75
28 29
6 7
7 8
6 2
20 21
87 88
56 57
36 37
93 89
2 3
32 33
31 32
3 4
28 26
83 82
70 72
59 60
8 9
84 86
39 40
93 94
4 2
60 63
43 44
83 85
91 95
70 69
13 9
53 54
5 6
64 67
12 11
60 61
94 95
11 10
90 86
82 83
46 47
84 80
88 89
19 21
52 50
80 81
11 12
8 4
86 82
73 69
95 96
50 51
42 43
48 45
6 5
98 97
97 95
38 40
48 49
74 76
68 65
57 55
18 15
51 52
92 90
81 82
83 84
84 87
92 94
90 91
43 40
22 20
77 78
40 41
41 42
97 94
21 20
12 15
58 59
16 17
37 34
44 45
70 68
22 18
24 25
73 70
97 99
26 27
31 34
14 15
13 14
19 15
40 44
