50
-76 -53 -76 50
49 94 49 99
31 45 31 85
27 52 27 77
80 -86 80 95
25 95 25 98
97 -35 97 39
-17 81 -17 90
-19 97 -19 98
-6 -12 -6 100
-9 -71 -9 -65
-3 -85 -3 65
-22 44 -22 87
-60 -62 -60 48
-56 -11 -56 50
-18 -67 -18 9
65 12 94 12
-63 51 -63 84
-31 69 -31 95
-60 55 16 55
-45 -29 -45 87
-5 -2 -5 20
-49 -36 -49 23
-10 85 -10 93
-41 81 -41 100
57 7 57 91
-89 -90 -89 -54
-15 -97 57 -97
74 67 74 84
-29 -2 -29 1
-21 38 -21 40
47 46 47 90
79 16 79 68
41 1 41 7
-43 -41 -43 78
68 -35 68 27
-7 80 -7 86
-71 4 -71 14
100 21 100 31
99 -28 99 27
73 68 73 93
-55 88 -55 90
-42 -39 35 -39
34 3 34 48
77 -88 77 36
55 -96 55 -13
81 35 99 35
-77 -18 -77 50
-52 -4 -52 14
-65 56 -65 93